~/code/advent/y23/d20>                                                                                                                                                                                                                                         12/20/2023 01:29:27 PM













~/code/advent/y23/d20> bun ./solve.ts                                                                                                                                                                                                                          12/20/2023 01:29:28 PM
Part 1
  Low:  19274
  High:  48670
  Result:  938065580
Correct
1016    bd bk fl fr fs gb jg ks lg lh mf mp nv pz qj rp tp vk vq xk jk qv tk xl cx gk lz pc jp lj ml pg bh qd rn vs sk th xg hv mj qn zq kb ct ft hr qm
bd  (0, 23) (1, 1001)
bk  (1, 23) (0, 512) (1, 489)
fl  (0, 23) (1, 1001)
fr  (1, 23) (0, 512) (1, 489)
fs  (1, 23) (0, 128) (1, 128) (0, 128) (1, 128) (0, 128) (1, 128) (0, 128) (1, 105)
gb  (1, 23) (0, 128) (1, 128) (0, 128) (1, 128) (0, 128) (1, 128) (0, 128) (1, 105)
jg  (1, 23) (0, 256) (1, 256) (0, 256) (1, 233)
ks  (1, 23) (0, 128) (1, 128) (0, 128) (1, 128) (0, 128) (1, 128) (0, 128) (1, 105)
lg  (0, 1024)
lh  (1, 23) (0, 256) (1, 256) (0, 256) (1, 233)
mf  (0, 23) (1, 1001)
mp  (0, 1024)
nv  (1, 23) (0, 512) (1, 489)
pz  (1, 23) (0, 512) (1, 489)
qj  (0, 1024)
rp  (1, 23) (0, 256) (1, 256) (0, 256) (1, 233)
tp  (0, 1024)
vk  (1, 23) (0, 128) (1, 128) (0, 128) (1, 128) (0, 128) (1, 128) (0, 128) (1, 105)
vq  (0, 23) (1, 1001)
xk  (1, 23) (0, 256) (1, 256) (0, 256) (1, 233)
jk  (1, 23) (0, 64) (1, 64) (0, 64) (1, 64) (0, 64) (1, 64) (0, 64) (1, 64) (0, 64) (1, 64) (0, 64) (1, 64) (0, 64) (1, 64) (0, 64) (1, 41)
qv  (1, 23) (0, 64) (1, 64) (0, 64) (1, 64) (0, 64) (1, 64) (0, 64) (1, 64) (0, 64) (1, 64) (0, 64) (1, 64) (0, 64) (1, 64) (0, 64) (1, 41)
tk  (1, 23) (0, 64) (1, 64) (0, 64) (1, 64) (0, 64) (1, 64) (0, 64) (1, 64) (0, 64) (1, 64) (0, 64) (1, 64) (0, 64) (1, 64) (0, 64) (1, 41)
xl  (1, 23) (0, 64) (1, 64) (0, 64) (1, 64) (0, 64) (1, 64) (0, 64) (1, 64) (0, 64) (1, 64) (0, 64) (1, 64) (0, 64) (1, 64) (0, 64) (1, 41)
cx  (1, 23) (0, 32) (1, 32) (0, 32) (1, 32) (0, 32) (1, 32) (0, 32) (1, 32) (0, 32) (1, 32) (0, 32) (1, 32) (0, 32) (1, 32) (0, 32) (1, 32) (0, 32) (1, 32) (0, 32) (1, 32) (0, 32) (1, 32) (0, 32) (1, 32) (0, 32) (1, 32) (0, 32) (1, 32) (0, 32) (1, 32) (0, 32) (1, 9)
gk  (1, 23) (0, 32) (1, 32) (0, 32) (1, 32) (0, 32) (1, 32) (0, 32) (1, 32) (0, 32) (1, 32) (0, 32) (1, 32) (0, 32) (1, 32) (0, 32) (1, 32) (0, 32) (1, 32) (0, 32) (1, 32) (0, 32) (1, 32) (0, 32) (1, 32) (0, 32) (1, 32) (0, 32) (1, 32) (0, 32) (1, 32) (0, 32) (1, 9)
lz  (1, 23) (0, 32) (1, 32) (0, 32) (1, 32) (0, 32) (1, 32) (0, 32) (1, 32) (0, 32) (1, 32) (0, 32) (1, 32) (0, 32) (1, 32) (0, 32) (1, 32) (0, 32) (1, 32) (0, 32) (1, 32) (0, 32) (1, 32) (0, 32) (1, 32) (0, 32) (1, 32) (0, 32) (1, 32) (0, 32) (1, 32) (0, 32) (1, 9)
pc  (1, 23) (0, 32) (1, 32) (0, 32) (1, 32) (0, 32) (1, 32) (0, 32) (1, 32) (0, 32) (1, 32) (0, 32) (1, 32) (0, 32) (1, 32) (0, 32) (1, 32) (0, 32) (1, 32) (0, 32) (1, 32) (0, 32) (1, 32) (0, 32) (1, 32) (0, 32) (1, 32) (0, 32) (1, 32) (0, 32) (1, 32) (0, 32) (1, 9)
jp  (0, 7) (1, 16) (0, 16) (1, 16) (0, 16) (1, 16) (0, 16) (1, 16) (0, 16) (1, 16) (0, 16) (1, 16) (0, 16) (1, 16) (0, 16) (1, 16) (0, 16) (1, 16) (0, 16) (1, 16) (0, 16) (1, 16) (0, 16) (1, 16) (0, 16) (1, 16) (0, 16) (1, 16) (0, 16) (1, 16) (0, 16) (1, 16) (0, 16) (1, 16) (0, 16) (1, 16) (0, 16) (1, 16) (0, 16) (1, 16) (0, 16) (1, 16) (0, 16) (1, 16) (0, 16) (1, 16) (0, 16) (1, 16) (0, 16) (1, 16) (0, 16) (1, 16) (0, 16) (1, 16) (0, 16) (1, 16) (0, 16) (1, 16) (0, 16) (1, 16) (0, 16) (1, 16) (0, 16) (1, 16) (0, 9)
lj  (0, 7) (1, 16) (0, 16) (1, 16) (0, 16) (1, 16) (0, 16) (1, 16) (0, 16) (1, 16) (0, 16) (1, 16) (0, 16) (1, 16) (0, 16) (1, 16) (0, 16) (1, 16) (0, 16) (1, 16) (0, 16) (1, 16) (0, 16) (1, 16) (0, 16) (1, 16) (0, 16) (1, 16) (0, 16) (1, 16) (0, 16) (1, 16) (0, 16) (1, 16) (0, 16) (1, 16) (0, 16) (1, 16) (0, 16) (1, 16) (0, 16) (1, 16) (0, 16) (1, 16) (0, 16) (1, 16) (0, 16) (1, 16) (0, 16) (1, 16) (0, 16) (1, 16) (0, 16) (1, 16) (0, 16) (1, 16) (0, 16) (1, 16) (0, 16) (1, 16) (0, 16) (1, 16) (0, 16) (1, 16) (0, 9)
ml  (0, 7) (1, 16) (0, 16) (1, 16) (0, 16) (1, 16) (0, 16) (1, 16) (0, 16) (1, 16) (0, 16) (1, 16) (0, 16) (1, 16) (0, 16) (1, 16) (0, 16) (1, 16) (0, 16) (1, 16) (0, 16) (1, 16) (0, 16) (1, 16) (0, 16) (1, 16) (0, 16) (1, 16) (0, 16) (1, 16) (0, 16) (1, 16) (0, 16) (1, 16) (0, 16) (1, 16) (0, 16) (1, 16) (0, 16) (1, 16) (0, 16) (1, 16) (0, 16) (1, 16) (0, 16) (1, 16) (0, 16) (1, 16) (0, 16) (1, 16) (0, 16) (1, 16) (0, 16) (1, 16) (0, 16) (1, 16) (0, 16) (1, 16) (0, 16) (1, 16) (0, 16) (1, 16) (0, 16) (1, 16) (0, 9)
pg  (0, 7) (1, 16) (0, 16) (1, 16) (0, 16) (1, 16) (0, 16) (1, 16) (0, 16) (1, 16) (0, 16) (1, 16) (0, 16) (1, 16) (0, 16) (1, 16) (0, 16) (1, 16) (0, 16) (1, 16) (0, 16) (1, 16) (0, 16) (1, 16) (0, 16) (1, 16) (0, 16) (1, 16) (0, 16) (1, 16) (0, 16) (1, 16) (0, 16) (1, 16) (0, 16) (1, 16) (0, 16) (1, 16) (0, 16) (1, 16) (0, 16) (1, 16) (0, 16) (1, 16) (0, 16) (1, 16) (0, 16) (1, 16) (0, 16) (1, 16) (0, 16) (1, 16) (0, 16) (1, 16) (0, 16) (1, 16) (0, 16) (1, 16) (0, 16) (1, 16) (0, 16) (1, 16) (0, 16) (1, 16) (0, 9)
bh  (1, 7) (0, 8) (1, 8) (0, 8) (1, 8) (0, 8) (1, 8) (0, 8) (1, 8) (0, 8) (1, 8) (0, 8) (1, 8) (0, 8) (1, 8) (0, 8) (1, 8) (0, 8) (1, 8) (0, 8) (1, 8) (0, 8) (1, 8) (0, 8) (1, 8) (0, 8) (1, 8) (0, 8) (1, 8) (0, 8) (1, 8) (0, 8) (1, 8) (0, 8) (1, 8) (0, 8) (1, 8) (0, 8) (1, 8) (0, 8) (1, 8) (0, 8) (1, 8) (0, 8) (1, 8) (0, 8) (1, 8) (0, 8) (1, 8) (0, 8) (1, 8) (0, 8) (1, 8) (0, 8) (1, 8) (0, 8) (1, 8) (0, 8) (1, 8) (0, 8) (1, 8) (0, 8) (1, 8) (0, 8) (1, 8) (0, 8) (1, 8) (0, 8) (1, 8) (0, 8) (1, 8) (0, 8) (1, 8) (0, 8) (1, 8) (0, 8) (1, 8) (0, 8) (1, 8) (0, 8) (1, 8) (0, 8) (1, 8) (0, 8) (1, 8) (0, 8) (1, 8) (0, 8) (1, 8) (0, 8) (1, 8) (0, 8) (1, 8) (0, 8) (1, 8) (0, 8) (1, 8) (0, 8) (1, 8) (0, 8) (1, 8) (0, 8) (1, 8) (0, 8) (1, 8) (0, 8) (1, 8) (0, 8) (1, 8) (0, 8) (1, 8) (0, 8) (1, 8) (0, 8) (1, 8) (0, 8) (1, 8) (0, 8) (1, 8) (0, 8) (1, 8) (0, 8) (1, 8) (0, 8) (1, 8) (0, 8) (1, 8) (0, 8) (1, 1)
qd  (1, 7) (0, 8) (1, 8) (0, 8) (1, 8) (0, 8) (1, 8) (0, 8) (1, 8) (0, 8) (1, 8) (0, 8) (1, 8) (0, 8) (1, 8) (0, 8) (1, 8) (0, 8) (1, 8) (0, 8) (1, 8) (0, 8) (1, 8) (0, 8) (1, 8) (0, 8) (1, 8) (0, 8) (1, 8) (0, 8) (1, 8) (0, 8) (1, 8) (0, 8) (1, 8) (0, 8) (1, 8) (0, 8) (1, 8) (0, 8) (1, 8) (0, 8) (1, 8) (0, 8) (1, 8) (0, 8) (1, 8) (0, 8) (1, 8) (0, 8) (1, 8) (0, 8) (1, 8) (0, 8) (1, 8) (0, 8) (1, 8) (0, 8) (1, 8) (0, 8) (1, 8) (0, 8) (1, 8) (0, 8) (1, 8) (0, 8) (1, 8) (0, 8) (1, 8) (0, 8) (1, 8) (0, 8) (1, 8) (0, 8) (1, 8) (0, 8) (1, 8) (0, 8) (1, 8) (0, 8) (1, 8) (0, 8) (1, 8) (0, 8) (1, 8) (0, 8) (1, 8) (0, 8) (1, 8) (0, 8) (1, 8) (0, 8) (1, 8) (0, 8) (1, 8) (0, 8) (1, 8) (0, 8) (1, 8) (0, 8) (1, 8) (0, 8) (1, 8) (0, 8) (1, 8) (0, 8) (1, 8) (0, 8) (1, 8) (0, 8) (1, 8) (0, 8) (1, 8) (0, 8) (1, 8) (0, 8) (1, 8) (0, 8) (1, 8) (0, 8) (1, 8) (0, 8) (1, 8) (0, 8) (1, 8) (0, 8) (1, 8) (0, 8) (1, 1)
rn  (1, 7) (0, 8) (1, 8) (0, 8) (1, 8) (0, 8) (1, 8) (0, 8) (1, 8) (0, 8) (1, 8) (0, 8) (1, 8) (0, 8) (1, 8) (0, 8) (1, 8) (0, 8) (1, 8) (0, 8) (1, 8) (0, 8) (1, 8) (0, 8) (1, 8) (0, 8) (1, 8) (0, 8) (1, 8) (0, 8) (1, 8) (0, 8) (1, 8) (0, 8) (1, 8) (0, 8) (1, 8) (0, 8) (1, 8) (0, 8) (1, 8) (0, 8) (1, 8) (0, 8) (1, 8) (0, 8) (1, 8) (0, 8) (1, 8) (0, 8) (1, 8) (0, 8) (1, 8) (0, 8) (1, 8) (0, 8) (1, 8) (0, 8) (1, 8) (0, 8) (1, 8) (0, 8) (1, 8) (0, 8) (1, 8) (0, 8) (1, 8) (0, 8) (1, 8) (0, 8) (1, 8) (0, 8) (1, 8) (0, 8) (1, 8) (0, 8) (1, 8) (0, 8) (1, 8) (0, 8) (1, 8) (0, 8) (1, 8) (0, 8) (1, 8) (0, 8) (1, 8) (0, 8) (1, 8) (0, 8) (1, 8) (0, 8) (1, 8) (0, 8) (1, 8) (0, 8) (1, 8) (0, 8) (1, 8) (0, 8) (1, 8) (0, 8) (1, 8) (0, 8) (1, 8) (0, 8) (1, 8) (0, 8) (1, 8) (0, 8) (1, 8) (0, 8) (1, 8) (0, 8) (1, 8) (0, 8) (1, 8) (0, 8) (1, 8) (0, 8) (1, 8) (0, 8) (1, 8) (0, 8) (1, 8) (0, 8) (1, 8) (0, 8) (1, 1)
vs  (1, 7) (0, 8) (1, 8) (0, 8) (1, 8) (0, 8) (1, 8) (0, 8) (1, 8) (0, 8) (1, 8) (0, 8) (1, 8) (0, 8) (1, 8) (0, 8) (1, 8) (0, 8) (1, 8) (0, 8) (1, 8) (0, 8) (1, 8) (0, 8) (1, 8) (0, 8) (1, 8) (0, 8) (1, 8) (0, 8) (1, 8) (0, 8) (1, 8) (0, 8) (1, 8) (0, 8) (1, 8) (0, 8) (1, 8) (0, 8) (1, 8) (0, 8) (1, 8) (0, 8) (1, 8) (0, 8) (1, 8) (0, 8) (1, 8) (0, 8) (1, 8) (0, 8) (1, 8) (0, 8) (1, 8) (0, 8) (1, 8) (0, 8) (1, 8) (0, 8) (1, 8) (0, 8) (1, 8) (0, 8) (1, 8) (0, 8) (1, 8) (0, 8) (1, 8) (0, 8) (1, 8) (0, 8) (1, 8) (0, 8) (1, 8) (0, 8) (1, 8) (0, 8) (1, 8) (0, 8) (1, 8) (0, 8) (1, 8) (0, 8) (1, 8) (0, 8) (1, 8) (0, 8) (1, 8) (0, 8) (1, 8) (0, 8) (1, 8) (0, 8) (1, 8) (0, 8) (1, 8) (0, 8) (1, 8) (0, 8) (1, 8) (0, 8) (1, 8) (0, 8) (1, 8) (0, 8) (1, 8) (0, 8) (1, 8) (0, 8) (1, 8) (0, 8) (1, 8) (0, 8) (1, 8) (0, 8) (1, 8) (0, 8) (1, 8) (0, 8) (1, 8) (0, 8) (1, 8) (0, 8) (1, 8) (0, 8) (1, 8) (0, 8) (1, 1)
sk  (0, 3) (1, 4) (0, 4) (1, 4) (0, 4) (1, 4) (0, 4) (1, 4) (0, 4) (1, 4) (0, 4) (1, 4) (0, 4) (1, 4) (0, 4) (1, 4) (0, 4) (1, 4) (0, 4) (1, 4) (0, 4) (1, 4) (0, 4) (1, 4) (0, 4) (1, 4) (0, 4) (1, 4) (0, 4) (1, 4) (0, 4) (1, 4) (0, 4) (1, 4) (0, 4) (1, 4) (0, 4) (1, 4) (0, 4) (1, 4) (0, 4) (1, 4) (0, 4) (1, 4) (0, 4) (1, 4) (0, 4) (1, 4) (0, 4) (1, 4) (0, 4) (1, 4) (0, 4) (1, 4) (0, 4) (1, 4) (0, 4) (1, 4) (0, 4) (1, 4) (0, 4) (1, 4) (0, 4) (1, 4) (0, 4) (1, 4) (0, 4) (1, 4) (0, 4) (1, 4) (0, 4) (1, 4) (0, 4) (1, 4) (0, 4) (1, 4) (0, 4) (1, 4) (0, 4) (1, 4) (0, 4) (1, 4) (0, 4) (1, 4) (0, 4) (1, 4) (0, 4) (1, 4) (0, 4) (1, 4) (0, 4) (1, 4) (0, 4) (1, 4) (0, 4) (1, 4) (0, 4) (1, 4) (0, 4) (1, 4) (0, 4) (1, 4) (0, 4) (1, 4) (0, 4) (1, 4) (0, 4) (1, 4) (0, 4) (1, 4) (0, 4) (1, 4) (0, 4) (1, 4) (0, 4) (1, 4) (0, 4) (1, 4) (0, 4) (1, 4) (0, 4) (1, 4) (0, 4) (1, 4) (0, 4) (1, 4) (0, 4) (1, 4) (0, 4) (1, 4) (0, 4) (1, 4) (0, 4) (1, 4) (0, 4) (1, 4) (0, 4) (1, 4) (0, 4) (1, 4) (0, 4) (1, 4) (0, 4) (1, 4) (0, 4) (1, 4) (0, 4) (1, 4) (0, 4) (1, 4) (0, 4) (1, 4) (0, 4) (1, 4) (0, 4) (1, 4) (0, 4) (1, 4) (0, 4) (1, 4) (0, 4) (1, 4) (0, 4) (1, 4) (0, 4) (1, 4) (0, 4) (1, 4) (0, 4) (1, 4) (0, 4) (1, 4) (0, 4) (1, 4) (0, 4) (1, 4) (0, 4) (1, 4) (0, 4) (1, 4) (0, 4) (1, 4) (0, 4) (1, 4) (0, 4) (1, 4) (0, 4) (1, 4) (0, 4) (1, 4) (0, 4) (1, 4) (0, 4) (1, 4) (0, 4) (1, 4) (0, 4) (1, 4) (0, 4) (1, 4) (0, 4) (1, 4) (0, 4) (1, 4) (0, 4) (1, 4) (0, 4) (1, 4) (0, 4) (1, 4) (0, 4) (1, 4) (0, 4) (1, 4) (0, 4) (1, 4) (0, 4) (1, 4) (0, 4) (1, 4) (0, 4) (1, 4) (0, 4) (1, 4) (0, 4) (1, 4) (0, 4) (1, 4) (0, 4) (1, 4) (0, 4) (1, 4) (0, 4) (1, 4) (0, 4) (1, 4) (0, 4) (1, 4) (0, 4) (1, 4) (0, 4) (1, 4) (0, 4) (1, 4) (0, 4) (1, 4) (0, 4) (1, 4) (0, 4) (1, 4) (0, 4) (1, 4) (0, 4) (1, 4) (0, 4) (1, 4) (0, 1)
th  (0, 3) (1, 4) (0, 4) (1, 4) (0, 4) (1, 4) (0, 4) (1, 4) (0, 4) (1, 4) (0, 4) (1, 4) (0, 4) (1, 4) (0, 4) (1, 4) (0, 4) (1, 4) (0, 4) (1, 4) (0, 4) (1, 4) (0, 4) (1, 4) (0, 4) (1, 4) (0, 4) (1, 4) (0, 4) (1, 4) (0, 4) (1, 4) (0, 4) (1, 4) (0, 4) (1, 4) (0, 4) (1, 4) (0, 4) (1, 4) (0, 4) (1, 4) (0, 4) (1, 4) (0, 4) (1, 4) (0, 4) (1, 4) (0, 4) (1, 4) (0, 4) (1, 4) (0, 4) (1, 4) (0, 4) (1, 4) (0, 4) (1, 4) (0, 4) (1, 4) (0, 4) (1, 4) (0, 4) (1, 4) (0, 4) (1, 4) (0, 4) (1, 4) (0, 4) (1, 4) (0, 4) (1, 4) (0, 4) (1, 4) (0, 4) (1, 4) (0, 4) (1, 4) (0, 4) (1, 4) (0, 4) (1, 4) (0, 4) (1, 4) (0, 4) (1, 4) (0, 4) (1, 4) (0, 4) (1, 4) (0, 4) (1, 4) (0, 4) (1, 4) (0, 4) (1, 4) (0, 4) (1, 4) (0, 4) (1, 4) (0, 4) (1, 4) (0, 4) (1, 4) (0, 4) (1, 4) (0, 4) (1, 4) (0, 4) (1, 4) (0, 4) (1, 4) (0, 4) (1, 4) (0, 4) (1, 4) (0, 4) (1, 4) (0, 4) (1, 4) (0, 4) (1, 4) (0, 4) (1, 4) (0, 4) (1, 4) (0, 4) (1, 4) (0, 4) (1, 4) (0, 4) (1, 4) (0, 4) (1, 4) (0, 4) (1, 4) (0, 4) (1, 4) (0, 4) (1, 4) (0, 4) (1, 4) (0, 4) (1, 4) (0, 4) (1, 4) (0, 4) (1, 4) (0, 4) (1, 4) (0, 4) (1, 4) (0, 4) (1, 4) (0, 4) (1, 4) (0, 4) (1, 4) (0, 4) (1, 4) (0, 4) (1, 4) (0, 4) (1, 4) (0, 4) (1, 4) (0, 4) (1, 4) (0, 4) (1, 4) (0, 4) (1, 4) (0, 4) (1, 4) (0, 4) (1, 4) (0, 4) (1, 4) (0, 4) (1, 4) (0, 4) (1, 4) (0, 4) (1, 4) (0, 4) (1, 4) (0, 4) (1, 4) (0, 4) (1, 4) (0, 4) (1, 4) (0, 4) (1, 4) (0, 4) (1, 4) (0, 4) (1, 4) (0, 4) (1, 4) (0, 4) (1, 4) (0, 4) (1, 4) (0, 4) (1, 4) (0, 4) (1, 4) (0, 4) (1, 4) (0, 4) (1, 4) (0, 4) (1, 4) (0, 4) (1, 4) (0, 4) (1, 4) (0, 4) (1, 4) (0, 4) (1, 4) (0, 4) (1, 4) (0, 4) (1, 4) (0, 4) (1, 4) (0, 4) (1, 4) (0, 4) (1, 4) (0, 4) (1, 4) (0, 4) (1, 4) (0, 4) (1, 4) (0, 4) (1, 4) (0, 4) (1, 4) (0, 4) (1, 4) (0, 4) (1, 4) (0, 4) (1, 4) (0, 4) (1, 4) (0, 4) (1, 4) (0, 4) (1, 4) (0, 4) (1, 4) (0, 1)
xg  (0, 3) (1, 4) (0, 4) (1, 4) (0, 4) (1, 4) (0, 4) (1, 4) (0, 4) (1, 4) (0, 4) (1, 4) (0, 4) (1, 4) (0, 4) (1, 4) (0, 4) (1, 4) (0, 4) (1, 4) (0, 4) (1, 4) (0, 4) (1, 4) (0, 4) (1, 4) (0, 4) (1, 4) (0, 4) (1, 4) (0, 4) (1, 4) (0, 4) (1, 4) (0, 4) (1, 4) (0, 4) (1, 4) (0, 4) (1, 4) (0, 4) (1, 4) (0, 4) (1, 4) (0, 4) (1, 4) (0, 4) (1, 4) (0, 4) (1, 4) (0, 4) (1, 4) (0, 4) (1, 4) (0, 4) (1, 4) (0, 4) (1, 4) (0, 4) (1, 4) (0, 4) (1, 4) (0, 4) (1, 4) (0, 4) (1, 4) (0, 4) (1, 4) (0, 4) (1, 4) (0, 4) (1, 4) (0, 4) (1, 4) (0, 4) (1, 4) (0, 4) (1, 4) (0, 4) (1, 4) (0, 4) (1, 4) (0, 4) (1, 4) (0, 4) (1, 4) (0, 4) (1, 4) (0, 4) (1, 4) (0, 4) (1, 4) (0, 4) (1, 4) (0, 4) (1, 4) (0, 4) (1, 4) (0, 4) (1, 4) (0, 4) (1, 4) (0, 4) (1, 4) (0, 4) (1, 4) (0, 4) (1, 4) (0, 4) (1, 4) (0, 4) (1, 4) (0, 4) (1, 4) (0, 4) (1, 4) (0, 4) (1, 4) (0, 4) (1, 4) (0, 4) (1, 4) (0, 4) (1, 4) (0, 4) (1, 4) (0, 4) (1, 4) (0, 4) (1, 4) (0, 4) (1, 4) (0, 4) (1, 4) (0, 4) (1, 4) (0, 4) (1, 4) (0, 4) (1, 4) (0, 4) (1, 4) (0, 4) (1, 4) (0, 4) (1, 4) (0, 4) (1, 4) (0, 4) (1, 4) (0, 4) (1, 4) (0, 4) (1, 4) (0, 4) (1, 4) (0, 4) (1, 4) (0, 4) (1, 4) (0, 4) (1, 4) (0, 4) (1, 4) (0, 4) (1, 4) (0, 4) (1, 4) (0, 4) (1, 4) (0, 4) (1, 4) (0, 4) (1, 4) (0, 4) (1, 4) (0, 4) (1, 4) (0, 4) (1, 4) (0, 4) (1, 4) (0, 4) (1, 4) (0, 4) (1, 4) (0, 4) (1, 4) (0, 4) (1, 4) (0, 4) (1, 4) (0, 4) (1, 4) (0, 4) (1, 4) (0, 4) (1, 4) (0, 4) (1, 4) (0, 4) (1, 4) (0, 4) (1, 4) (0, 4) (1, 4) (0, 4) (1, 4) (0, 4) (1, 4) (0, 4) (1, 4) (0, 4) (1, 4) (0, 4) (1, 4) (0, 4) (1, 4) (0, 4) (1, 4) (0, 4) (1, 4) (0, 4) (1, 4) (0, 4) (1, 4) (0, 4) (1, 4) (0, 4) (1, 4) (0, 4) (1, 4) (0, 4) (1, 4) (0, 4) (1, 4) (0, 4) (1, 4) (0, 4) (1, 4) (0, 4) (1, 4) (0, 4) (1, 4) (0, 4) (1, 4) (0, 4) (1, 4) (0, 4) (1, 4) (0, 4) (1, 4) (0, 4) (1, 4) (0, 4) (1, 4) (0, 1)
hv  (0, 3) (1, 4) (0, 4) (1, 4) (0, 4) (1, 4) (0, 4) (1, 4) (0, 4) (1, 4) (0, 4) (1, 4) (0, 4) (1, 4) (0, 4) (1, 4) (0, 4) (1, 4) (0, 4) (1, 4) (0, 4) (1, 4) (0, 4) (1, 4) (0, 4) (1, 4) (0, 4) (1, 4) (0, 4) (1, 4) (0, 4) (1, 4) (0, 4) (1, 4) (0, 4) (1, 4) (0, 4) (1, 4) (0, 4) (1, 4) (0, 4) (1, 4) (0, 4) (1, 4) (0, 4) (1, 4) (0, 4) (1, 4) (0, 4) (1, 4) (0, 4) (1, 4) (0, 4) (1, 4) (0, 4) (1, 4) (0, 4) (1, 4) (0, 4) (1, 4) (0, 4) (1, 4) (0, 4) (1, 4) (0, 4) (1, 4) (0, 4) (1, 4) (0, 4) (1, 4) (0, 4) (1, 4) (0, 4) (1, 4) (0, 4) (1, 4) (0, 4) (1, 4) (0, 4) (1, 4) (0, 4) (1, 4) (0, 4) (1, 4) (0, 4) (1, 4) (0, 4) (1, 4) (0, 4) (1, 4) (0, 4) (1, 4) (0, 4) (1, 4) (0, 4) (1, 4) (0, 4) (1, 4) (0, 4) (1, 4) (0, 4) (1, 4) (0, 4) (1, 4) (0, 4) (1, 4) (0, 4) (1, 4) (0, 4) (1, 4) (0, 4) (1, 4) (0, 4) (1, 4) (0, 4) (1, 4) (0, 4) (1, 4) (0, 4) (1, 4) (0, 4) (1, 4) (0, 4) (1, 4) (0, 4) (1, 4) (0, 4) (1, 4) (0, 4) (1, 4) (0, 4) (1, 4) (0, 4) (1, 4) (0, 4) (1, 4) (0, 4) (1, 4) (0, 4) (1, 4) (0, 4) (1, 4) (0, 4) (1, 4) (0, 4) (1, 4) (0, 4) (1, 4) (0, 4) (1, 4) (0, 4) (1, 4) (0, 4) (1, 4) (0, 4) (1, 4) (0, 4) (1, 4) (0, 4) (1, 4) (0, 4) (1, 4) (0, 4) (1, 4) (0, 4) (1, 4) (0, 4) (1, 4) (0, 4) (1, 4) (0, 4) (1, 4) (0, 4) (1, 4) (0, 4) (1, 4) (0, 4) (1, 4) (0, 4) (1, 4) (0, 4) (1, 4) (0, 4) (1, 4) (0, 4) (1, 4) (0, 4) (1, 4) (0, 4) (1, 4) (0, 4) (1, 4) (0, 4) (1, 4) (0, 4) (1, 4) (0, 4) (1, 4) (0, 4) (1, 4) (0, 4) (1, 4) (0, 4) (1, 4) (0, 4) (1, 4) (0, 4) (1, 4) (0, 4) (1, 4) (0, 4) (1, 4) (0, 4) (1, 4) (0, 4) (1, 4) (0, 4) (1, 4) (0, 4) (1, 4) (0, 4) (1, 4) (0, 4) (1, 4) (0, 4) (1, 4) (0, 4) (1, 4) (0, 4) (1, 4) (0, 4) (1, 4) (0, 4) (1, 4) (0, 4) (1, 4) (0, 4) (1, 4) (0, 4) (1, 4) (0, 4) (1, 4) (0, 4) (1, 4) (0, 4) (1, 4) (0, 4) (1, 4) (0, 4) (1, 4) (0, 4) (1, 4) (0, 4) (1, 4) (0, 4) (1, 4) (0, 1)
mj  (0, 1) (1, 2) (0, 2) (1, 2) (0, 2) (1, 2) (0, 2) (1, 2) (0, 2) (1, 2) (0, 2) (1, 2) (0, 2) (1, 2) (0, 2) (1, 2) (0, 2) (1, 2) (0, 2) (1, 2) (0, 2) (1, 2) (0, 2) (1, 2) (0, 2) (1, 2) (0, 2) (1, 2) (0, 2) (1, 2) (0, 2) (1, 2) (0, 2) (1, 2) (0, 2) (1, 2) (0, 2) (1, 2) (0, 2) (1, 2) (0, 2) (1, 2) (0, 2) (1, 2) (0, 2) (1, 2) (0, 2) (1, 2) (0, 2) (1, 2) (0, 2) (1, 2) (0, 2) (1, 2) (0, 2) (1, 2) (0, 2) (1, 2) (0, 2) (1, 2) (0, 2) (1, 2) (0, 2) (1, 2) (0, 2) (1, 2) (0, 2) (1, 2) (0, 2) (1, 2) (0, 2) (1, 2) (0, 2) (1, 2) (0, 2) (1, 2) (0, 2) (1, 2) (0, 2) (1, 2) (0, 2) (1, 2) (0, 2) (1, 2) (0, 2) (1, 2) (0, 2) (1, 2) (0, 2) (1, 2) (0, 2) (1, 2) (0, 2) (1, 2) (0, 2) (1, 2) (0, 2) (1, 2) (0, 2) (1, 2) (0, 2) (1, 2) (0, 2) (1, 2) (0, 2) (1, 2) (0, 2) (1, 2) (0, 2) (1, 2) (0, 2) (1, 2) (0, 2) (1, 2) (0, 2) (1, 2) (0, 2) (1, 2) (0, 2) (1, 2) (0, 2) (1, 2) (0, 2) (1, 2) (0, 2) (1, 2) (0, 2) (1, 2) (0, 2) (1, 2) (0, 2) (1, 2) (0, 2) (1, 2) (0, 2) (1, 2) (0, 2) (1, 2) (0, 2) (1, 2) (0, 2) (1, 2) (0, 2) (1, 2) (0, 2) (1, 2) (0, 2) (1, 2) (0, 2) (1, 2) (0, 2) (1, 2) (0, 2) (1, 2) (0, 2) (1, 2) (0, 2) (1, 2) (0, 2) (1, 2) (0, 2) (1, 2) (0, 2) (1, 2) (0, 2) (1, 2) (0, 2) (1, 2) (0, 2) (1, 2) (0, 2) (1, 2) (0, 2) (1, 2) (0, 2) (1, 2) (0, 2) (1, 2) (0, 2) (1, 2) (0, 2) (1, 2) (0, 2) (1, 2) (0, 2) (1, 2) (0, 2) (1, 2) (0, 2) (1, 2) (0, 2) (1, 2) (0, 2) (1, 2) (0, 2) (1, 2) (0, 2) (1, 2) (0, 2) (1, 2) (0, 2) (1, 2) (0, 2) (1, 2) (0, 2) (1, 2) (0, 2) (1, 2) (0, 2) (1, 2) (0, 2) (1, 2) (0, 2) (1, 2) (0, 2) (1, 2) (0, 2) (1, 2) (0, 2) (1, 2) (0, 2) (1, 2) (0, 2) (1, 2) (0, 2) (1, 2) (0, 2) (1, 2) (0, 2) (1, 2) (0, 2) (1, 2) (0, 2) (1, 2) (0, 2) (1, 2) (0, 2) (1, 2) (0, 2) (1, 2) (0, 2) (1, 2) (0, 2) (1, 2) (0, 2) (1, 2) (0, 2) (1, 2) (0, 2) (1, 2) (0, 2) (1, 2) (0, 2) (1, 2) (0, 2) (1, 2) (0, 2) (1, 2) (0, 2) (1, 2) (0, 2) (1, 2) (0, 2) (1, 2) (0, 2) (1, 2) (0, 2) (1, 2) (0, 2) (1, 2) (0, 2) (1, 2) (0, 2) (1, 2) (0, 2) (1, 2) (0, 2) (1, 2) (0, 2) (1, 2) (0, 2) (1, 2) (0, 2) (1, 2) (0, 2) (1, 2) (0, 2) (1, 2) (0, 2) (1, 2) (0, 2) (1, 2) (0, 2) (1, 2) (0, 2) (1, 2) (0, 2) (1, 2) (0, 2) (1, 2) (0, 2) (1, 2) (0, 2) (1, 2) (0, 2) (1, 2) (0, 2) (1, 2) (0, 2) (1, 2) (0, 2) (1, 2) (0, 2) (1, 2) (0, 2) (1, 2) (0, 2) (1, 2) (0, 2) (1, 2) (0, 2) (1, 2) (0, 2) (1, 2) (0, 2) (1, 2) (0, 2) (1, 2) (0, 2) (1, 2) (0, 2) (1, 2) (0, 2) (1, 2) (0, 2) (1, 2) (0, 2) (1, 2) (0, 2) (1, 2) (0, 2) (1, 2) (0, 2) (1, 2) (0, 2) (1, 2) (0, 2) (1, 2) (0, 2) (1, 2) (0, 2) (1, 2) (0, 2) (1, 2) (0, 2) (1, 2) (0, 2) (1, 2) (0, 2) (1, 2) (0, 2) (1, 2) (0, 2) (1, 2) (0, 2) (1, 2) (0, 2) (1, 2) (0, 2) (1, 2) (0, 2) (1, 2) (0, 2) (1, 2) (0, 2) (1, 2) (0, 2) (1, 2) (0, 2) (1, 2) (0, 2) (1, 2) (0, 2) (1, 2) (0, 2) (1, 2) (0, 2) (1, 2) (0, 2) (1, 2) (0, 2) (1, 2) (0, 2) (1, 2) (0, 2) (1, 2) (0, 2) (1, 2) (0, 2) (1, 2) (0, 2) (1, 2) (0, 2) (1, 2) (0, 2) (1, 2) (0, 2) (1, 2) (0, 2) (1, 2) (0, 2) (1, 2) (0, 2) (1, 2) (0, 2) (1, 2) (0, 2) (1, 2) (0, 2) (1, 2) (0, 2) (1, 2) (0, 2) (1, 2) (0, 2) (1, 2) (0, 2) (1, 2) (0, 2) (1, 2) (0, 2) (1, 2) (0, 2) (1, 2) (0, 2) (1, 2) (0, 2) (1, 2) (0, 2) (1, 2) (0, 2) (1, 2) (0, 2) (1, 2) (0, 2) (1, 2) (0, 2) (1, 2) (0, 2) (1, 2) (0, 2) (1, 2) (0, 2) (1, 2) (0, 2) (1, 2) (0, 2) (1, 2) (0, 2) (1, 2) (0, 2) (1, 2) (0, 2) (1, 2) (0, 2) (1, 2) (0, 2) (1, 2) (0, 2) (1, 2) (0, 2) (1, 2) (0, 2) (1, 2) (0, 2) (1, 2) (0, 2) (1, 2) (0, 2) (1, 2) (0, 2) (1, 2) (0, 2) (1, 2) (0, 2) (1, 2) (0, 2) (1, 2) (0, 2) (1, 2) (0, 2) (1, 2) (0, 2) (1, 2) (0, 2) (1, 2) (0, 2) (1, 2) (0, 2) (1, 2) (0, 2) (1, 2) (0, 2) (1, 2) (0, 2) (1, 2) (0, 2) (1, 2) (0, 2) (1, 2) (0, 2) (1, 2) (0, 1)
qn  (0, 1) (1, 2) (0, 2) (1, 2) (0, 2) (1, 2) (0, 2) (1, 2) (0, 2) (1, 2) (0, 2) (1, 2) (0, 2) (1, 2) (0, 2) (1, 2) (0, 2) (1, 2) (0, 2) (1, 2) (0, 2) (1, 2) (0, 2) (1, 2) (0, 2) (1, 2) (0, 2) (1, 2) (0, 2) (1, 2) (0, 2) (1, 2) (0, 2) (1, 2) (0, 2) (1, 2) (0, 2) (1, 2) (0, 2) (1, 2) (0, 2) (1, 2) (0, 2) (1, 2) (0, 2) (1, 2) (0, 2) (1, 2) (0, 2) (1, 2) (0, 2) (1, 2) (0, 2) (1, 2) (0, 2) (1, 2) (0, 2) (1, 2) (0, 2) (1, 2) (0, 2) (1, 2) (0, 2) (1, 2) (0, 2) (1, 2) (0, 2) (1, 2) (0, 2) (1, 2) (0, 2) (1, 2) (0, 2) (1, 2) (0, 2) (1, 2) (0, 2) (1, 2) (0, 2) (1, 2) (0, 2) (1, 2) (0, 2) (1, 2) (0, 2) (1, 2) (0, 2) (1, 2) (0, 2) (1, 2) (0, 2) (1, 2) (0, 2) (1, 2) (0, 2) (1, 2) (0, 2) (1, 2) (0, 2) (1, 2) (0, 2) (1, 2) (0, 2) (1, 2) (0, 2) (1, 2) (0, 2) (1, 2) (0, 2) (1, 2) (0, 2) (1, 2) (0, 2) (1, 2) (0, 2) (1, 2) (0, 2) (1, 2) (0, 2) (1, 2) (0, 2) (1, 2) (0, 2) (1, 2) (0, 2) (1, 2) (0, 2) (1, 2) (0, 2) (1, 2) (0, 2) (1, 2) (0, 2) (1, 2) (0, 2) (1, 2) (0, 2) (1, 2) (0, 2) (1, 2) (0, 2) (1, 2) (0, 2) (1, 2) (0, 2) (1, 2) (0, 2) (1, 2) (0, 2) (1, 2) (0, 2) (1, 2) (0, 2) (1, 2) (0, 2) (1, 2) (0, 2) (1, 2) (0, 2) (1, 2) (0, 2) (1, 2) (0, 2) (1, 2) (0, 2) (1, 2) (0, 2) (1, 2) (0, 2) (1, 2) (0, 2) (1, 2) (0, 2) (1, 2) (0, 2) (1, 2) (0, 2) (1, 2) (0, 2) (1, 2) (0, 2) (1, 2) (0, 2) (1, 2) (0, 2) (1, 2) (0, 2) (1, 2) (0, 2) (1, 2) (0, 2) (1, 2) (0, 2) (1, 2) (0, 2) (1, 2) (0, 2) (1, 2) (0, 2) (1, 2) (0, 2) (1, 2) (0, 2) (1, 2) (0, 2) (1, 2) (0, 2) (1, 2) (0, 2) (1, 2) (0, 2) (1, 2) (0, 2) (1, 2) (0, 2) (1, 2) (0, 2) (1, 2) (0, 2) (1, 2) (0, 2) (1, 2) (0, 2) (1, 2) (0, 2) (1, 2) (0, 2) (1, 2) (0, 2) (1, 2) (0, 2) (1, 2) (0, 2) (1, 2) (0, 2) (1, 2) (0, 2) (1, 2) (0, 2) (1, 2) (0, 2) (1, 2) (0, 2) (1, 2) (0, 2) (1, 2) (0, 2) (1, 2) (0, 2) (1, 2) (0, 2) (1, 2) (0, 2) (1, 2) (0, 2) (1, 2) (0, 2) (1, 2) (0, 2) (1, 2) (0, 2) (1, 2) (0, 2) (1, 2) (0, 2) (1, 2) (0, 2) (1, 2) (0, 2) (1, 2) (0, 2) (1, 2) (0, 2) (1, 2) (0, 2) (1, 2) (0, 2) (1, 2) (0, 2) (1, 2) (0, 2) (1, 2) (0, 2) (1, 2) (0, 2) (1, 2) (0, 2) (1, 2) (0, 2) (1, 2) (0, 2) (1, 2) (0, 2) (1, 2) (0, 2) (1, 2) (0, 2) (1, 2) (0, 2) (1, 2) (0, 2) (1, 2) (0, 2) (1, 2) (0, 2) (1, 2) (0, 2) (1, 2) (0, 2) (1, 2) (0, 2) (1, 2) (0, 2) (1, 2) (0, 2) (1, 2) (0, 2) (1, 2) (0, 2) (1, 2) (0, 2) (1, 2) (0, 2) (1, 2) (0, 2) (1, 2) (0, 2) (1, 2) (0, 2) (1, 2) (0, 2) (1, 2) (0, 2) (1, 2) (0, 2) (1, 2) (0, 2) (1, 2) (0, 2) (1, 2) (0, 2) (1, 2) (0, 2) (1, 2) (0, 2) (1, 2) (0, 2) (1, 2) (0, 2) (1, 2) (0, 2) (1, 2) (0, 2) (1, 2) (0, 2) (1, 2) (0, 2) (1, 2) (0, 2) (1, 2) (0, 2) (1, 2) (0, 2) (1, 2) (0, 2) (1, 2) (0, 2) (1, 2) (0, 2) (1, 2) (0, 2) (1, 2) (0, 2) (1, 2) (0, 2) (1, 2) (0, 2) (1, 2) (0, 2) (1, 2) (0, 2) (1, 2) (0, 2) (1, 2) (0, 2) (1, 2) (0, 2) (1, 2) (0, 2) (1, 2) (0, 2) (1, 2) (0, 2) (1, 2) (0, 2) (1, 2) (0, 2) (1, 2) (0, 2) (1, 2) (0, 2) (1, 2) (0, 2) (1, 2) (0, 2) (1, 2) (0, 2) (1, 2) (0, 2) (1, 2) (0, 2) (1, 2) (0, 2) (1, 2) (0, 2) (1, 2) (0, 2) (1, 2) (0, 2) (1, 2) (0, 2) (1, 2) (0, 2) (1, 2) (0, 2) (1, 2) (0, 2) (1, 2) (0, 2) (1, 2) (0, 2) (1, 2) (0, 2) (1, 2) (0, 2) (1, 2) (0, 2) (1, 2) (0, 2) (1, 2) (0, 2) (1, 2) (0, 2) (1, 2) (0, 2) (1, 2) (0, 2) (1, 2) (0, 2) (1, 2) (0, 2) (1, 2) (0, 2) (1, 2) (0, 2) (1, 2) (0, 2) (1, 2) (0, 2) (1, 2) (0, 2) (1, 2) (0, 2) (1, 2) (0, 2) (1, 2) (0, 2) (1, 2) (0, 2) (1, 2) (0, 2) (1, 2) (0, 2) (1, 2) (0, 2) (1, 2) (0, 2) (1, 2) (0, 2) (1, 2) (0, 2) (1, 2) (0, 2) (1, 2) (0, 2) (1, 2) (0, 2) (1, 2) (0, 2) (1, 2) (0, 2) (1, 2) (0, 2) (1, 2) (0, 2) (1, 2) (0, 2) (1, 2) (0, 2) (1, 2) (0, 2) (1, 2) (0, 2) (1, 2) (0, 2) (1, 2) (0, 2) (1, 2) (0, 2) (1, 2) (0, 2) (1, 2) (0, 1)
zq  (0, 1) (1, 2) (0, 2) (1, 2) (0, 2) (1, 2) (0, 2) (1, 2) (0, 2) (1, 2) (0, 2) (1, 2) (0, 2) (1, 2) (0, 2) (1, 2) (0, 2) (1, 2) (0, 2) (1, 2) (0, 2) (1, 2) (0, 2) (1, 2) (0, 2) (1, 2) (0, 2) (1, 2) (0, 2) (1, 2) (0, 2) (1, 2) (0, 2) (1, 2) (0, 2) (1, 2) (0, 2) (1, 2) (0, 2) (1, 2) (0, 2) (1, 2) (0, 2) (1, 2) (0, 2) (1, 2) (0, 2) (1, 2) (0, 2) (1, 2) (0, 2) (1, 2) (0, 2) (1, 2) (0, 2) (1, 2) (0, 2) (1, 2) (0, 2) (1, 2) (0, 2) (1, 2) (0, 2) (1, 2) (0, 2) (1, 2) (0, 2) (1, 2) (0, 2) (1, 2) (0, 2) (1, 2) (0, 2) (1, 2) (0, 2) (1, 2) (0, 2) (1, 2) (0, 2) (1, 2) (0, 2) (1, 2) (0, 2) (1, 2) (0, 2) (1, 2) (0, 2) (1, 2) (0, 2) (1, 2) (0, 2) (1, 2) (0, 2) (1, 2) (0, 2) (1, 2) (0, 2) (1, 2) (0, 2) (1, 2) (0, 2) (1, 2) (0, 2) (1, 2) (0, 2) (1, 2) (0, 2) (1, 2) (0, 2) (1, 2) (0, 2) (1, 2) (0, 2) (1, 2) (0, 2) (1, 2) (0, 2) (1, 2) (0, 2) (1, 2) (0, 2) (1, 2) (0, 2) (1, 2) (0, 2) (1, 2) (0, 2) (1, 2) (0, 2) (1, 2) (0, 2) (1, 2) (0, 2) (1, 2) (0, 2) (1, 2) (0, 2) (1, 2) (0, 2) (1, 2) (0, 2) (1, 2) (0, 2) (1, 2) (0, 2) (1, 2) (0, 2) (1, 2) (0, 2) (1, 2) (0, 2) (1, 2) (0, 2) (1, 2) (0, 2) (1, 2) (0, 2) (1, 2) (0, 2) (1, 2) (0, 2) (1, 2) (0, 2) (1, 2) (0, 2) (1, 2) (0, 2) (1, 2) (0, 2) (1, 2) (0, 2) (1, 2) (0, 2) (1, 2) (0, 2) (1, 2) (0, 2) (1, 2) (0, 2) (1, 2) (0, 2) (1, 2) (0, 2) (1, 2) (0, 2) (1, 2) (0, 2) (1, 2) (0, 2) (1, 2) (0, 2) (1, 2) (0, 2) (1, 2) (0, 2) (1, 2) (0, 2) (1, 2) (0, 2) (1, 2) (0, 2) (1, 2) (0, 2) (1, 2) (0, 2) (1, 2) (0, 2) (1, 2) (0, 2) (1, 2) (0, 2) (1, 2) (0, 2) (1, 2) (0, 2) (1, 2) (0, 2) (1, 2) (0, 2) (1, 2) (0, 2) (1, 2) (0, 2) (1, 2) (0, 2) (1, 2) (0, 2) (1, 2) (0, 2) (1, 2) (0, 2) (1, 2) (0, 2) (1, 2) (0, 2) (1, 2) (0, 2) (1, 2) (0, 2) (1, 2) (0, 2) (1, 2) (0, 2) (1, 2) (0, 2) (1, 2) (0, 2) (1, 2) (0, 2) (1, 2) (0, 2) (1, 2) (0, 2) (1, 2) (0, 2) (1, 2) (0, 2) (1, 2) (0, 2) (1, 2) (0, 2) (1, 2) (0, 2) (1, 2) (0, 2) (1, 2) (0, 2) (1, 2) (0, 2) (1, 2) (0, 2) (1, 2) (0, 2) (1, 2) (0, 2) (1, 2) (0, 2) (1, 2) (0, 2) (1, 2) (0, 2) (1, 2) (0, 2) (1, 2) (0, 2) (1, 2) (0, 2) (1, 2) (0, 2) (1, 2) (0, 2) (1, 2) (0, 2) (1, 2) (0, 2) (1, 2) (0, 2) (1, 2) (0, 2) (1, 2) (0, 2) (1, 2) (0, 2) (1, 2) (0, 2) (1, 2) (0, 2) (1, 2) (0, 2) (1, 2) (0, 2) (1, 2) (0, 2) (1, 2) (0, 2) (1, 2) (0, 2) (1, 2) (0, 2) (1, 2) (0, 2) (1, 2) (0, 2) (1, 2) (0, 2) (1, 2) (0, 2) (1, 2) (0, 2) (1, 2) (0, 2) (1, 2) (0, 2) (1, 2) (0, 2) (1, 2) (0, 2) (1, 2) (0, 2) (1, 2) (0, 2) (1, 2) (0, 2) (1, 2) (0, 2) (1, 2) (0, 2) (1, 2) (0, 2) (1, 2) (0, 2) (1, 2) (0, 2) (1, 2) (0, 2) (1, 2) (0, 2) (1, 2) (0, 2) (1, 2) (0, 2) (1, 2) (0, 2) (1, 2) (0, 2) (1, 2) (0, 2) (1, 2) (0, 2) (1, 2) (0, 2) (1, 2) (0, 2) (1, 2) (0, 2) (1, 2) (0, 2) (1, 2) (0, 2) (1, 2) (0, 2) (1, 2) (0, 2) (1, 2) (0, 2) (1, 2) (0, 2) (1, 2) (0, 2) (1, 2) (0, 2) (1, 2) (0, 2) (1, 2) (0, 2) (1, 2) (0, 2) (1, 2) (0, 2) (1, 2) (0, 2) (1, 2) (0, 2) (1, 2) (0, 2) (1, 2) (0, 2) (1, 2) (0, 2) (1, 2) (0, 2) (1, 2) (0, 2) (1, 2) (0, 2) (1, 2) (0, 2) (1, 2) (0, 2) (1, 2) (0, 2) (1, 2) (0, 2) (1, 2) (0, 2) (1, 2) (0, 2) (1, 2) (0, 2) (1, 2) (0, 2) (1, 2) (0, 2) (1, 2) (0, 2) (1, 2) (0, 2) (1, 2) (0, 2) (1, 2) (0, 2) (1, 2) (0, 2) (1, 2) (0, 2) (1, 2) (0, 2) (1, 2) (0, 2) (1, 2) (0, 2) (1, 2) (0, 2) (1, 2) (0, 2) (1, 2) (0, 2) (1, 2) (0, 2) (1, 2) (0, 2) (1, 2) (0, 2) (1, 2) (0, 2) (1, 2) (0, 2) (1, 2) (0, 2) (1, 2) (0, 2) (1, 2) (0, 2) (1, 2) (0, 2) (1, 2) (0, 2) (1, 2) (0, 2) (1, 2) (0, 2) (1, 2) (0, 2) (1, 2) (0, 2) (1, 2) (0, 2) (1, 2) (0, 2) (1, 2) (0, 2) (1, 2) (0, 2) (1, 2) (0, 2) (1, 2) (0, 2) (1, 2) (0, 2) (1, 2) (0, 2) (1, 2) (0, 2) (1, 2) (0, 2) (1, 2) (0, 2) (1, 2) (0, 2) (1, 2) (0, 2) (1, 2) (0, 1)
kb  (0, 1) (1, 2) (0, 2) (1, 2) (0, 2) (1, 2) (0, 2) (1, 2) (0, 2) (1, 2) (0, 2) (1, 2) (0, 2) (1, 2) (0, 2) (1, 2) (0, 2) (1, 2) (0, 2) (1, 2) (0, 2) (1, 2) (0, 2) (1, 2) (0, 2) (1, 2) (0, 2) (1, 2) (0, 2) (1, 2) (0, 2) (1, 2) (0, 2) (1, 2) (0, 2) (1, 2) (0, 2) (1, 2) (0, 2) (1, 2) (0, 2) (1, 2) (0, 2) (1, 2) (0, 2) (1, 2) (0, 2) (1, 2) (0, 2) (1, 2) (0, 2) (1, 2) (0, 2) (1, 2) (0, 2) (1, 2) (0, 2) (1, 2) (0, 2) (1, 2) (0, 2) (1, 2) (0, 2) (1, 2) (0, 2) (1, 2) (0, 2) (1, 2) (0, 2) (1, 2) (0, 2) (1, 2) (0, 2) (1, 2) (0, 2) (1, 2) (0, 2) (1, 2) (0, 2) (1, 2) (0, 2) (1, 2) (0, 2) (1, 2) (0, 2) (1, 2) (0, 2) (1, 2) (0, 2) (1, 2) (0, 2) (1, 2) (0, 2) (1, 2) (0, 2) (1, 2) (0, 2) (1, 2) (0, 2) (1, 2) (0, 2) (1, 2) (0, 2) (1, 2) (0, 2) (1, 2) (0, 2) (1, 2) (0, 2) (1, 2) (0, 2) (1, 2) (0, 2) (1, 2) (0, 2) (1, 2) (0, 2) (1, 2) (0, 2) (1, 2) (0, 2) (1, 2) (0, 2) (1, 2) (0, 2) (1, 2) (0, 2) (1, 2) (0, 2) (1, 2) (0, 2) (1, 2) (0, 2) (1, 2) (0, 2) (1, 2) (0, 2) (1, 2) (0, 2) (1, 2) (0, 2) (1, 2) (0, 2) (1, 2) (0, 2) (1, 2) (0, 2) (1, 2) (0, 2) (1, 2) (0, 2) (1, 2) (0, 2) (1, 2) (0, 2) (1, 2) (0, 2) (1, 2) (0, 2) (1, 2) (0, 2) (1, 2) (0, 2) (1, 2) (0, 2) (1, 2) (0, 2) (1, 2) (0, 2) (1, 2) (0, 2) (1, 2) (0, 2) (1, 2) (0, 2) (1, 2) (0, 2) (1, 2) (0, 2) (1, 2) (0, 2) (1, 2) (0, 2) (1, 2) (0, 2) (1, 2) (0, 2) (1, 2) (0, 2) (1, 2) (0, 2) (1, 2) (0, 2) (1, 2) (0, 2) (1, 2) (0, 2) (1, 2) (0, 2) (1, 2) (0, 2) (1, 2) (0, 2) (1, 2) (0, 2) (1, 2) (0, 2) (1, 2) (0, 2) (1, 2) (0, 2) (1, 2) (0, 2) (1, 2) (0, 2) (1, 2) (0, 2) (1, 2) (0, 2) (1, 2) (0, 2) (1, 2) (0, 2) (1, 2) (0, 2) (1, 2) (0, 2) (1, 2) (0, 2) (1, 2) (0, 2) (1, 2) (0, 2) (1, 2) (0, 2) (1, 2) (0, 2) (1, 2) (0, 2) (1, 2) (0, 2) (1, 2) (0, 2) (1, 2) (0, 2) (1, 2) (0, 2) (1, 2) (0, 2) (1, 2) (0, 2) (1, 2) (0, 2) (1, 2) (0, 2) (1, 2) (0, 2) (1, 2) (0, 2) (1, 2) (0, 2) (1, 2) (0, 2) (1, 2) (0, 2) (1, 2) (0, 2) (1, 2) (0, 2) (1, 2) (0, 2) (1, 2) (0, 2) (1, 2) (0, 2) (1, 2) (0, 2) (1, 2) (0, 2) (1, 2) (0, 2) (1, 2) (0, 2) (1, 2) (0, 2) (1, 2) (0, 2) (1, 2) (0, 2) (1, 2) (0, 2) (1, 2) (0, 2) (1, 2) (0, 2) (1, 2) (0, 2) (1, 2) (0, 2) (1, 2) (0, 2) (1, 2) (0, 2) (1, 2) (0, 2) (1, 2) (0, 2) (1, 2) (0, 2) (1, 2) (0, 2) (1, 2) (0, 2) (1, 2) (0, 2) (1, 2) (0, 2) (1, 2) (0, 2) (1, 2) (0, 2) (1, 2) (0, 2) (1, 2) (0, 2) (1, 2) (0, 2) (1, 2) (0, 2) (1, 2) (0, 2) (1, 2) (0, 2) (1, 2) (0, 2) (1, 2) (0, 2) (1, 2) (0, 2) (1, 2) (0, 2) (1, 2) (0, 2) (1, 2) (0, 2) (1, 2) (0, 2) (1, 2) (0, 2) (1, 2) (0, 2) (1, 2) (0, 2) (1, 2) (0, 2) (1, 2) (0, 2) (1, 2) (0, 2) (1, 2) (0, 2) (1, 2) (0, 2) (1, 2) (0, 2) (1, 2) (0, 2) (1, 2) (0, 2) (1, 2) (0, 2) (1, 2) (0, 2) (1, 2) (0, 2) (1, 2) (0, 2) (1, 2) (0, 2) (1, 2) (0, 2) (1, 2) (0, 2) (1, 2) (0, 2) (1, 2) (0, 2) (1, 2) (0, 2) (1, 2) (0, 2) (1, 2) (0, 2) (1, 2) (0, 2) (1, 2) (0, 2) (1, 2) (0, 2) (1, 2) (0, 2) (1, 2) (0, 2) (1, 2) (0, 2) (1, 2) (0, 2) (1, 2) (0, 2) (1, 2) (0, 2) (1, 2) (0, 2) (1, 2) (0, 2) (1, 2) (0, 2) (1, 2) (0, 2) (1, 2) (0, 2) (1, 2) (0, 2) (1, 2) (0, 2) (1, 2) (0, 2) (1, 2) (0, 2) (1, 2) (0, 2) (1, 2) (0, 2) (1, 2) (0, 2) (1, 2) (0, 2) (1, 2) (0, 2) (1, 2) (0, 2) (1, 2) (0, 2) (1, 2) (0, 2) (1, 2) (0, 2) (1, 2) (0, 2) (1, 2) (0, 2) (1, 2) (0, 2) (1, 2) (0, 2) (1, 2) (0, 2) (1, 2) (0, 2) (1, 2) (0, 2) (1, 2) (0, 2) (1, 2) (0, 2) (1, 2) (0, 2) (1, 2) (0, 2) (1, 2) (0, 2) (1, 2) (0, 2) (1, 2) (0, 2) (1, 2) (0, 2) (1, 2) (0, 2) (1, 2) (0, 2) (1, 2) (0, 2) (1, 2) (0, 2) (1, 2) (0, 2) (1, 2) (0, 2) (1, 2) (0, 2) (1, 2) (0, 2) (1, 2) (0, 2) (1, 2) (0, 2) (1, 2) (0, 2) (1, 2) (0, 2) (1, 2) (0, 2) (1, 2) (0, 2) (1, 2) (0, 2) (1, 2) (0, 2) (1, 2) (0, 2) (1, 2) (0, 1)


jk = 1 if i % 128 in (0..=22, 87..=127)
qv = 1 if i % 128 in (0..=22, 87..=127)
tk = 1 if i % 128 in (0..=22, 87..=127)
xl = 1 if i % 128 in (0..=22, 87..=127)

cx = 1 if i % 64 in (0..=22, 55..=63)
gk = 1 if i % 64 in (0..=22, 55..=63)
lz = 1 if i % 64 in (0..=22, 55..=63)
pc = 1 if i % 64 in (0..=22, 55..=63)

jp = 1 if i % 32 in (7..=22)
lj = 1 if i % 32 in (7..=22)
ml = 1 if i % 32 in (7..=22)
pg = 1 if i % 32 in (7..=22)

bh = 1 if i % 16 in (0,1,2,3,4,5,6,15)
qd = 1 if i % 16 in (0,1,2,3,4,5,6,15)
rn = 1 if i % 16 in (0,1,2,3,4,5,6,15)
vs = 1 if i % 16 in (0,1,2,3,4,5,6,15)

sk = 1 if i % 8 in (3,4,5,6)
th = 1 if i % 8 in (3,4,5,6)
xg = 1 if i % 8 in (3,4,5,6)
hv = 1 if i % 8 in (3,4,5,6)
mj = 1 if i % 4 in (1,2)
qn = 1 if i % 4 in (1,2)
zq = 1 if i % 4 in (1,2)
kb = 1 if i % 4 in (1,2)

ct = 1 if i % 2 == 0
ft = 1 if i % 2 == 0
hr = 1 if i % 2 == 0
qm = 1 if i % 2 == 0